image_width: 640
image_height: 480
camera_name: nao_camera
camera_matrix:
  rows: 3
  cols: 3
  data: [553.861086, 0, 320.836884, 0, 553.642958, 244.827406, 0, 0, 1]
distortion_model: plumb_bob
distortion_coefficients:
  rows: 1
  cols: 5
  data: [-0.074465, 0.092772, 0.000516, 0.000764, 0]
rectification_matrix:
  rows: 3
  cols: 3
  data: [1, 0, 0, 0, 1, 0, 0, 0, 1]
projection_matrix:
  rows: 3
  cols: 4
  data: [545.790894, 0, 320.824327, 0, 0, 546.458679, 244.557631, 0, 0, 0, 1, 0]